2079379
8938909
721267
2537707
3529116
5588507
7530127
1778274
2944991
2728898
6865882
832593
4147820
9021202
2432027
5693602
3498853
8273825
3184237
8690645
5701753
8084451
3447319
8735466
9504260
8626248
9817566
8533141
2016897
5920978
589857
4096275
4859887
1311124
6633982
8389003
6899630
4164108
167277
9844620
6893006
7033158
677213
1040825
6054359
3109239
6734426
9553212
1383064
9918662
8243856
7084816
8003113
1691175
5820281
7507372
317422
5637846
6040513
2334319
1558824
6630370
6430594
6418710
7941493
3064575
4807713
4841122
7228683
4974989
4685742
4121689
2008146
5362954
5162513
8062505
8472193
1896939
7615716
9855257
1815600
5859572
6940072
9818713
7550747
2760353
7326085
7868169
8398199
3366598
202487
9957022
9996967
6633080
6375732
7938459
9697655
1183444
2779581
6926338
6158432
7465323
1048026
8166578
2828276
6210539
6229083
1300469
8107477
3844799
1155725
9923077
9704370
8095796
9741789
7255116
856149
7067874
5123285
9254347
434471
5325771
9211368
431437
1958851
5587099
8369896
1656506
6770543
1149477
8582843
2928974
8614799
9630869
1095552
1443075
5841408
7324634
2743543
3948885
1169432
3899268
3871961
873801
1995064
3613750
8128917
2851212
681623
3252201
2105558
1116093
8577972
1316925
1547530
536822
6904024
9917426
2193328
3674566
1066902
776171
6603540
9681700
407040
7699091
1124775
6248447
5023724
3868318
197331
6193155
7767585
4069292
7066956
9762648
7683042
5195873
2613859
8364664
8448074
4719416
9480757
7026045
6036341
1028287
7562867
2940365
945712
9756195
6614930
2012613
532365
3218470
1694313
939404
917560
2819087
7187850
5941284
6687404
7385181
2134439
4454989
1454473
9201394
4217636
9137514
4397267
6831494
7502178
2845341
1550910
6982935
9871386
7587250
8011221
7434252
527615
8956933
7190447
7142544
969546
7722811
361014
2663858
8662215
1278573
5482945
5850065
7219856
2170349
3235245
9354294
6625337
4689717
8555688
842972
3827231
2952955
7674466
1329408
5798295
9225375
8312343
5669680
6812625
6323563
3103932
7340239
5280496
294378
4482783
6250041
8017189
4843796
8913898
6679403
6122368
4396843
2529467
3342224
6567191
5764711
2696517
3192527
454428
1252205
4035498
4281659
4205159
1709963
5611066
3453
935338
3923408
5673133
7747962
246971
8777064
5088200
5527466
9071442
9570982
1777507
7088630
4414778
691404
3768032
537145
5088246
6297498
3879369
1655437
2062209
6575885
4847963
2516636
7828090
8883461
6798295
2033248
593424
2409360
2036701
1528761
6332768
7709834
9276723
6579739
6486897
4364922
2107205
5558338
3935904
3884711
2646968
8350682
4576115
6414999
8887826
9664361
2712496
2767194
1319797
4774705
9343079
6167759
7291341
7171169
5051219
4089635
9204417
5644643
6498995
1241117
7173403
2831762
8950950
6450125
9411501
5437847
815047
1518705
996185
4750951
5403416
3643152
3101632
9979530
58150
1989458
9643890
2770646
4756652
963686
7545350
4099731
7131445
4836690
1270899
2182664
8926325
475315
7827306
5425319
1716432
5000709
8257081
667382
1450834
7668581
6105228
2265881
9187286
7101412
7016831
4590701
744564
118463
4570231
802714
2107921
4214121
3573359
6864572
5177807
1118709
964303
2309251
5955399
2235201
4491914
4881723
2710515
2319220
307042
4426947
7319928
8564122
5094328
8770762
6232703
1199555
1036642
5419988
8300967
8053473
10689
9045530
8171936
4580920
9848243
279856
8795040
3421602
7144428
3972846
4540311
8108730
6282097
495710
343930
774011
5377432
3054445
3093230
5684474
7481391
413158
4248595
2575718
9183920
481297
3775273
220561
5901285
2076239
8274033
5911974
1121769
6445968
492893
970012
6725824
9287932
4391614
3870251
3260778
8931924
1978981
9542875
9427633
2322910
316885
4805065
5377355
3410115
489538
2858746
3823273
4738132
5434464
3007192
5219429
9209736
3227752
1120713
1285975
1501785
7032686
2407743
7947753
7525579
3377755
4673576
6813511
7769368
8543827
74288
6701291
522807
9617162
6128923
2845717
9934047
933988
8223071
3344161
1423525
1081817
7167433
6161657
6516280
174624
1381086
5726015
3402376
2501798
7011989
4904160
9534484
9419732
2851913
7060062
2797486
7525488
3873572
566853
6069315
3947860
7268144
6592121
3565022
3397067
9437837
3499068
4331054
7660908
6843229
5754578
8742724
4010661
1916235
5259003
4185285
3297320
985018
7587660
5799118
7997007
2491820
5333602
7416739
5343732
2393664
214224
2869220
6267236
781077
8938534
215095
8049220
5530655
3780117
1446286
4968492
7279184
5777340
2629400
4122413
1531918
1372123
8133073
3448152
6631126
2318358
6745472
7616144
9906017
2544589
5613150
2397837
7878191
3029888
7741569
271854
3244112
610788
6539089
4025189
9549322
6754183
2074409
5079977
534300
3520695
48468
7813483
9298034
2677867
1935896
829951
4049990
68968
4278103
681116
2387325
1023574
8297259
2293342
3568163
3910409
4691179
1446353
6940297
2432747
1718206
184409
3043535
8257294
4209597
2592857
5011477
6284005
7672833
5545776
9804699
7721301
3359259
9102733
399168
5295154
9932683
4449157
5364122
4210786
5130273
7751447
5234360
3427531
44789
8802522
7337940
4735967
248875
4278237
7168714
1967081
4462645
212248
224374
8672242
2805105
5235851
4956247
477938
781627
4760946
8199238
4140885
3863678
8598405
9436039
3796361
3047562
4800160
8007146
8177834
2551607
3241506
1605365
2596395
2044027
8943304
7332361
2292902
3221541
4501075
4259982
7684186
4713323
4484356
6356428
7518427
9720207
1312674
7996364
501833
6073620
6195602
4642718
9937298
4794006
4078756
3733658
7841567
8878916
1740804
6019400
1430522
4982309
7624765
4026917
7026336
6568069
1359278
9319238
9789609
5860352
3579219
7473794
573674
8063575
3830222
8092101
7783781
5142895
6088464
8285613
1216515
2284065
2928330
1153812
7078071
7007086
4887470
4919638
5886002
6628273
939037
7316523
1610582
8563802
1343439
8636918
5131870
2702716
7956155
4921478
8563068
1535374
2395272
9136741
9598948
6225493
7228842
7382728
1368388
3317305
5668341
2584902
5601370
8596671
3738713
2679441
5603756
8626182
7599078
1489757
5254455
8538115
8806280
6865037
7101916
149719
5501954
2233785
2852435
3458109
7155263
1415502
4993482
9550534
552243
4592430
5776027
7781084
1975157
7144414
1098389
7643498
9729316
6699759
6240168
3468029
9379199
1843924
2094211
6978276
3333681
7348666
5516390
2139961
4213702
2618306
2289679
9715656
4852090
5142113
3173764
2007353
6557615
8167246
1557887
7109857
2759675
7333913
4890941
4734832
4478327
5989329
2378329
4207643
2689087
8618497
7675671
2068286
462420
9769881
9046561
3796101
7118546
4562951
5936061
1332248
7181257
8225740
1047903
2033347
3367853
4221667
4040699
9925467
2388912
5598585
7035324
5148586
2932498
1926265
9883417
7410824
7915593
2261746
1618466
604680
880242
9294137
2672966
1342662
9064018
1719526
5138762
6182564
6282477
1074823
7514811
3463733
9300562
8562714
5497079
2668414
2784380
9537778
2593880
5173292
5136362
9629204
321878
8068859
1555468
205294
5479683
9471061
2467040
7098149
75741
3347281
6392285
2748706
4689943
5456303
4468232
9828704
1638866
750708
903526
9153677
4214441
204087
7716391
9711520
2872501
500770
9249297
5466380
5674062
4385658
5095584
5995939
2454517
6651051
6201233
7934199
6122112
8668272
5032348
6197852
2015553
1424632
8946557
6705495
6880935
3414788
6534199
8519800
4165496
7437724
7673477
8379937
7641811
5389867
8091457
514311
5890637
7340753
5980691
1564698
1726411
1076274
7560636
4180928
7727325
3761868
2115126
3849436
2430140
7147474
47288
4445692
8572105
8993844
1151186
5453039
2408632
7685385
3972839
6574128
5123108
1646315
4954065
2764919
7036182
3045521
3279230
2926818
386274
9259920
4491515
2112684
336194
2052151
6293611
8063519
5814018
8408737
1912955
8244157
5556210
1960242
2689849
4128315
954086
3841035
9581354
3362718
1526419
3554193
9936846
6649526
5200508
4890910
9414445
2236689
7936430
2693674
5163506
8322703
1953594
9655021
435387
2289788
1707171
6728998
353306
7521189
5137734
2266260
5765346
693944
4226502
8455194
4822259
5180587
2296228
4403612
8543304
3822646
7957804
8480149
472172
3158312
3371059
9886617
5395000
1307488
2580291
558506
9630191
12548